8
18 29
3 23 1
1 1 1 1 1 1 1 1 1 1 1 1 1 1 1 1 1 1 1 1 1 1 1 1 1 1 1 1 1 
1 0 1 1 0 1 1 0 0 1 1 1 0 1 0 1 1 0 0 1 1 0 1 0 0 0 0 1 1 
1 0 0 0 1 1 0 1 1 0 0 0 0 0 0 0 0 1 1 1 1 1 0 1 0 0 1 1 1 
1 0 0 1 1 0 1 0 1 1 0 0 0 1 0 1 0 0 1 0 0 1 1 1 0 1 1 1 1 
1 0 0 0 0 1 0 0 0 0 0 1 1 0 1 0 1 0 0 1 0 1 0 1 1 1 0 0 1 
1 1 1 0 0 1 1 1 0 0 1 1 0 0 1 0 0 1 1 1 1 1 1 1 1 0 0 0 1 
1 1 0 0 1 0 1 0 0 1 0 0 1 1 0 1 0 1 1 1 1 1 1 0 1 1 1 1 1 
1 0 1 0 0 0 1 0 1 0 0 0 0 0 0 0 0 0 0 0 1 0 1 0 0 1 0 0 1 
1 0 1 0 1 0 0 0 0 0 0 0 0 1 0 1 0 1 0 0 1 0 1 1 0 1 1 0 1 
1 0 1 1 1 1 1 0 0 1 0 1 1 1 1 0 0 0 1 0 0 0 0 1 0 1 0 1 1 
1 0 0 1 1 0 0 0 0 0 1 1 1 1 0 1 0 0 0 0 0 1 1 0 0 0 1 1 1 
1 0 0 1 0 0 0 1 1 0 1 1 0 0 1 0 0 1 0 1 0 0 1 0 1 0 1 1 1 
1 1 0 1 1 1 1 0 0 0 0 0 0 0 0 1 1 1 0 1 0 0 0 0 0 0 1 0 1 
1 1 1 1 1 0 1 0 1 0 0 0 1 0 0 0 1 1 0 1 1 1 0 0 1 1 1 0 1 
1 0 1 1 0 0 1 1 1 0 0 0 0 1 0 1 1 1 1 1 0 1 1 1 1 1 1 1 1 
1 1 0 0 1 0 0 0 1 1 0 0 1 0 1 1 1 0 0 1 1 1 1 0 1 0 1 1 1 
1 1 1 1 0 1 1 1 0 1 0 0 1 1 0 1 1 0 1 0 1 1 0 1 0 1 0 1 1 
1 1 1 1 1 1 1 1 1 1 1 1 1 1 1 1 1 1 1 1 1 1 1 1 1 1 1 1 1 
50 48
23 24 0
1 1 1 1 1 1 1 1 1 1 1 1 1 1 1 1 1 1 1 1 1 1 1 1 1 1 1 1 1 1 1 1 1 1 1 1 1 1 1 1 1 1 1 1 1 1 1 1 
1 0 0 1 1 0 0 1 0 0 1 1 1 1 0 1 1 0 1 1 1 1 1 1 1 0 1 1 1 1 0 1 0 0 0 0 1 0 1 1 1 0 0 1 0 1 1 1 
1 0 0 0 0 1 1 1 0 0 0 0 0 1 1 1 0 0 0 1 1 0 0 1 0 1 0 0 1 1 1 1 1 0 0 0 0 0 0 0 0 1 0 1 1 0 1 1 
1 0 0 1 1 1 0 1 1 1 0 1 0 0 1 0 1 0 0 0 0 0 1 0 0 1 1 0 0 1 1 0 0 0 1 1 1 0 0 0 0 1 0 0 0 1 1 1 
1 1 0 1 1 0 0 1 0 0 0 0 1 1 1 0 1 0 1 1 0 1 0 0 0 1 0 0 1 0 0 1 0 1 1 0 0 1 1 1 1 1 0 0 0 0 0 1 
1 0 0 1 1 0 0 1 0 0 1 1 0 1 0 1 0 0 0 1 0 0 1 0 1 0 1 1 1 0 0 1 0 1 1 0 1 1 1 0 0 0 1 0 0 1 1 1 
1 1 0 0 1 0 1 1 1 1 0 0 1 0 0 0 1 0 0 1 1 0 1 0 1 1 0 1 1 1 0 0 1 1 1 1 0 1 1 0 1 1 0 0 0 1 1 1 
1 0 0 0 0 0 0 0 0 0 1 1 0 0 1 1 1 0 1 0 0 1 1 0 0 0 1 1 1 0 0 1 1 1 1 0 0 1 0 0 0 1 0 0 1 0 1 1 
1 0 0 1 0 1 1 0 0 0 0 1 1 0 1 0 1 1 1 0 0 1 1 1 1 0 0 0 1 0 0 0 0 1 0 1 0 0 0 1 1 1 0 0 0 0 1 1 
1 0 0 1 1 1 1 0 0 0 0 0 1 1 1 0 1 1 0 0 0 0 1 0 1 0 0 0 0 0 1 0 0 0 0 0 1 1 0 1 0 0 0 0 1 1 0 1 
1 1 0 0 1 1 1 1 0 0 0 1 1 0 1 1 0 1 0 0 0 0 1 1 0 1 1 0 0 1 1 1 0 1 1 1 1 1 1 1 0 1 0 0 0 0 1 1 
1 0 0 1 1 1 0 1 1 0 1 1 1 1 0 1 1 0 1 1 1 1 1 0 1 1 1 0 1 0 1 1 1 1 0 1 1 1 1 0 1 0 1 1 1 1 1 1 
1 0 0 1 0 1 0 0 1 1 1 0 0 0 1 1 1 1 0 1 1 0 1 0 1 1 1 1 1 1 1 1 1 1 0 0 1 1 1 1 0 0 0 1 0 0 1 1 
1 0 1 1 0 0 0 0 1 0 1 0 0 0 1 0 0 1 1 1 1 1 1 0 1 0 1 1 0 0 0 0 0 0 1 1 1 1 1 0 1 0 0 1 0 1 0 1 
1 0 1 1 0 0 0 0 0 1 1 1 1 0 1 0 1 1 0 1 0 0 0 0 1 1 0 0 1 0 0 1 0 0 0 1 0 1 1 1 0 0 1 0 0 0 1 1 
1 1 1 0 1 0 1 0 0 1 1 1 0 1 1 1 1 0 0 1 0 0 0 0 0 0 0 1 1 0 0 1 1 1 0 1 1 1 1 1 0 1 0 1 0 1 0 1 
1 0 1 0 1 1 1 1 1 1 0 1 0 0 0 1 0 1 1 1 1 0 0 1 0 0 0 0 0 0 1 0 0 0 1 0 1 1 1 1 0 0 0 0 1 1 1 1 
1 1 1 0 0 0 1 1 1 1 1 0 0 0 1 0 1 0 1 1 1 0 1 0 0 0 1 0 0 0 0 0 1 0 0 1 1 1 1 1 1 1 0 0 1 0 1 1 
1 0 1 0 1 0 1 0 1 1 1 0 1 1 0 1 1 1 1 0 0 1 1 1 1 1 1 1 1 1 1 0 1 1 0 0 0 0 1 0 1 0 1 0 0 0 1 1 
1 0 0 0 1 0 0 0 1 0 1 0 1 1 0 0 1 0 1 0 0 1 0 0 1 1 1 1 1 1 1 0 1 1 0 0 1 1 0 0 1 0 1 1 1 1 1 1 
1 1 0 0 0 1 0 0 0 1 0 1 0 1 1 1 1 1 0 1 0 0 0 0 0 1 0 1 0 0 1 1 1 1 0 0 0 0 0 1 1 1 1 0 1 1 1 1 
1 0 1 1 1 0 1 1 0 1 0 1 1 1 1 1 1 1 1 1 0 1 0 1 1 1 0 1 1 0 1 1 1 0 1 0 1 1 1 1 1 0 0 1 1 1 1 1 
1 1 0 0 1 1 1 0 1 1 0 0 1 1 1 1 0 0 0 0 0 0 0 0 1 0 1 0 0 1 1 1 0 0 0 0 0 0 1 0 0 1 1 0 1 1 1 1 
1 0 0 1 0 0 0 0 0 0 0 0 0 0 1 0 0 0 1 0 1 0 1 1 1 0 1 1 1 1 1 1 1 1 1 1 0 1 1 1 1 1 0 0 0 0 1 1 
1 0 1 0 1 0 0 0 1 0 1 0 1 0 1 0 0 1 1 0 0 1 1 1 1 1 0 1 1 0 0 0 1 1 0 0 0 1 1 1 1 0 0 0 0 1 1 1 
1 1 0 0 1 0 0 1 1 1 1 0 0 1 1 1 1 0 0 0 0 1 0 1 1 1 0 1 0 1 1 0 0 1 1 1 0 0 0 1 0 0 1 0 0 0 0 1 
1 1 0 1 1 0 0 0 0 0 1 0 1 0 0 0 0 1 1 0 0 1 1 1 1 0 1 1 1 1 0 0 0 1 0 1 1 0 0 0 1 1 0 1 0 0 0 1 
1 0 1 1 0 0 1 1 1 0 1 1 1 1 1 1 1 0 0 0 1 1 0 1 0 1 0 1 0 0 0 0 0 1 0 1 1 0 1 0 0 0 1 0 0 0 1 1 
1 1 0 1 0 0 0 1 1 0 0 1 0 0 0 0 1 0 1 1 0 0 1 1 0 0 0 0 0 0 1 0 0 0 0 0 1 0 0 1 0 0 0 0 1 1 0 1 
1 1 1 0 0 0 1 1 0 1 1 1 1 1 1 1 0 1 1 1 0 0 0 0 0 1 1 1 1 0 1 1 1 1 1 1 0 1 1 1 1 0 0 0 1 1 0 1 
1 0 0 1 1 0 0 0 0 1 0 1 1 0 1 0 1 1 0 0 0 0 1 1 1 1 1 1 0 0 1 0 0 1 1 1 1 0 0 1 1 1 0 0 1 0 0 1 
1 1 1 0 0 0 1 0 1 1 0 0 0 0 0 0 1 0 1 1 0 0 1 1 0 1 1 1 0 0 0 1 0 0 1 1 1 0 1 0 1 1 1 1 1 1 0 1 
1 0 1 0 1 1 0 1 0 1 1 0 1 1 0 1 0 0 0 1 1 1 0 1 1 0 1 1 1 0 1 1 0 1 1 0 0 0 0 1 0 1 0 1 0 1 0 1 
1 1 0 1 0 0 1 0 0 0 0 1 1 1 0 1 1 1 0 0 0 1 0 1 0 1 0 0 0 1 1 1 0 1 0 0 0 0 1 1 0 0 1 1 1 1 0 1 
1 0 1 1 1 0 1 0 0 0 0 1 0 1 1 0 1 0 1 1 0 0 1 1 0 1 1 1 0 0 1 0 1 0 0 0 1 1 1 1 0 0 1 0 1 1 0 1 
1 0 0 0 1 1 1 0 1 1 1 1 1 1 0 0 0 0 0 0 0 1 0 1 1 0 1 1 0 0 0 0 0 0 0 0 1 0 1 0 0 1 1 1 0 0 0 1 
1 0 0 0 0 0 1 1 1 0 1 1 1 1 0 0 1 0 0 0 0 1 1 1 0 1 0 0 1 0 1 1 1 1 0 1 0 1 1 1 0 1 0 0 1 0 0 1 
1 1 0 1 0 0 0 0 0 0 1 0 0 0 1 1 0 1 0 0 1 1 1 0 1 1 1 1 0 0 1 0 0 0 1 1 1 0 1 0 0 0 0 0 1 1 0 1 
1 0 0 1 0 1 1 1 0 1 1 1 0 1 1 1 0 0 1 1 0 0 1 0 1 0 0 0 1 0 0 1 1 0 0 1 0 0 0 0 1 0 1 1 0 1 0 1 
1 0 0 0 1 1 1 0 0 0 0 1 1 1 0 1 0 0 1 0 0 0 0 1 1 0 1 1 0 1 1 1 1 0 0 1 0 0 1 0 0 0 1 1 0 0 1 1 
1 0 0 1 1 1 0 0 0 0 0 0 0 0 1 0 0 0 1 0 1 0 1 1 0 0 1 0 1 1 0 1 1 1 0 1 1 0 1 1 0 1 0 0 1 0 0 1 
1 0 1 1 1 0 0 0 1 1 0 1 0 1 0 0 0 0 0 1 1 1 0 1 1 1 1 1 1 0 1 1 1 0 0 1 1 1 1 0 0 1 0 1 1 0 1 1 
1 1 1 0 1 0 0 1 0 1 0 1 0 1 1 1 1 0 1 1 1 1 1 0 0 1 1 0 1 0 0 0 1 0 0 0 1 1 1 1 0 0 0 0 0 0 0 1 
1 1 0 1 1 1 1 1 1 0 0 1 1 1 0 1 1 0 1 1 0 0 1 1 1 0 1 0 1 1 0 1 1 0 1 1 0 1 1 1 1 1 0 1 1 1 0 1 
1 1 1 0 0 1 0 0 0 1 0 1 0 0 1 0 1 0 1 1 0 1 1 1 0 0 0 0 1 1 0 0 0 1 0 1 1 1 0 0 1 1 1 0 1 0 1 1 
1 0 1 1 1 1 0 1 1 0 1 0 1 1 1 0 0 1 1 0 1 0 1 0 0 0 1 0 1 1 1 1 1 1 1 0 0 0 1 1 1 1 1 1 1 1 1 1 
1 1 0 0 1 1 1 1 0 0 1 1 0 0 0 1 1 1 1 0 0 0 1 1 1 0 1 0 0 0 0 1 0 1 0 0 1 1 1 0 1 1 0 0 0 0 0 1 
1 0 1 1 1 0 1 0 0 1 1 0 0 0 0 0 0 1 1 0 1 1 0 1 1 0 1 0 0 1 0 0 0 0 1 1 1 1 0 0 0 1 0 0 1 0 0 1 
1 1 0 0 0 1 0 1 0 0 0 0 1 1 1 1 1 1 0 0 0 0 0 0 1 0 0 0 1 0 0 1 0 0 0 0 0 1 1 0 0 0 0 0 1 0 1 1 
1 1 1 1 1 1 1 1 1 1 1 1 1 1 1 1 1 1 1 1 1 1 1 1 1 1 1 1 1 1 1 1 1 1 1 1 1 1 1 1 1 1 1 1 1 1 1 1 
5 42
2 39 0
1 1 1 1 1 1 1 1 1 1 1 1 1 1 1 1 1 1 1 1 1 1 1 1 1 1 1 1 1 1 1 1 1 1 1 1 1 1 1 1 1 1 
1 1 1 0 1 1 0 1 1 1 1 1 0 0 0 0 0 0 1 0 1 1 0 0 0 0 0 0 0 0 1 0 0 1 1 1 0 0 0 0 1 1 
1 0 1 1 0 1 0 1 1 1 0 0 0 0 1 1 1 0 0 1 0 1 0 0 0 1 1 0 0 1 0 1 0 0 0 0 1 1 1 1 0 1 
1 0 1 1 0 1 1 1 0 0 0 0 1 1 0 0 1 0 1 1 0 0 0 0 0 1 1 1 0 1 1 0 1 0 0 0 1 1 0 1 1 1 
1 1 1 1 1 1 1 1 1 1 1 1 1 1 1 1 1 1 1 1 1 1 1 1 1 1 1 1 1 1 1 1 1 1 1 1 1 1 1 1 1 1 
7 12
2 8 0
1 1 1 1 1 1 1 1 1 1 1 1 
1 0 1 0 0 0 0 0 1 0 0 1 
1 0 0 1 1 1 1 0 1 1 0 1 
1 0 0 0 1 0 1 0 1 0 0 1 
1 0 1 1 1 0 1 1 0 1 0 1 
1 1 0 1 0 1 0 0 0 1 1 1 
1 1 1 1 1 1 1 1 1 1 1 1 
15 44
4 33 0
1 1 1 1 1 1 1 1 1 1 1 1 1 1 1 1 1 1 1 1 1 1 1 1 1 1 1 1 1 1 1 1 1 1 1 1 1 1 1 1 1 1 1 1 
1 1 0 1 1 0 1 0 0 0 0 1 1 1 1 1 1 1 0 1 0 1 0 0 1 0 0 1 0 0 0 1 1 1 0 1 0 1 0 0 0 0 1 1 
1 0 1 0 0 0 1 0 1 1 0 0 0 0 0 0 0 1 0 1 1 1 0 0 1 0 0 1 0 1 0 0 0 1 0 0 0 0 0 0 0 0 0 1 
1 0 1 1 1 1 1 0 1 0 1 1 0 1 1 0 1 1 0 1 0 0 1 0 1 0 0 0 1 0 1 1 0 1 1 1 1 1 0 1 0 1 0 1 
1 0 0 1 0 0 1 0 0 0 1 0 1 1 0 0 0 0 1 0 1 1 0 0 1 1 0 1 0 0 0 1 1 1 1 0 1 1 1 1 1 1 1 1 
1 1 1 1 1 1 1 1 1 1 0 1 1 1 0 1 0 0 1 0 0 0 0 0 0 1 1 1 1 1 0 1 1 0 1 0 1 1 1 1 1 1 1 1 
1 1 1 0 1 0 1 0 1 1 1 1 1 1 0 1 1 0 0 1 1 0 1 1 0 1 1 0 1 1 0 1 1 1 1 0 0 1 0 1 0 0 1 1 
1 1 1 0 0 0 1 1 0 1 1 0 1 1 0 1 0 0 0 1 1 1 0 1 1 1 1 1 1 1 0 1 0 1 0 1 1 0 0 1 1 0 1 1 
1 1 1 0 0 1 0 1 1 1 1 1 1 0 0 0 0 0 1 1 0 0 0 0 0 0 1 0 0 0 1 1 1 1 1 1 1 1 0 1 1 1 0 1 
1 0 0 0 0 0 0 0 0 1 1 0 0 0 0 0 1 1 0 0 0 0 0 0 1 1 1 1 0 1 1 1 0 0 0 1 0 1 0 1 0 0 1 1 
1 0 0 0 1 0 0 0 1 0 1 1 0 1 1 1 0 1 0 1 1 0 0 0 0 0 0 1 1 1 0 0 1 1 1 1 0 0 0 1 0 0 0 1 
1 1 1 1 1 0 1 0 0 0 1 1 1 0 1 0 1 0 0 1 1 0 1 0 0 0 1 1 0 0 0 1 1 1 1 0 0 1 1 1 0 0 1 1 
1 1 1 0 1 0 1 0 0 0 1 0 1 0 0 0 0 1 0 0 0 1 1 1 0 0 0 0 0 1 0 1 1 0 1 0 0 0 0 0 1 0 0 1 
1 0 0 1 1 0 0 1 1 0 1 1 0 0 1 1 0 0 1 0 1 0 0 0 0 0 0 1 1 0 1 1 0 1 0 1 0 1 1 0 1 0 0 1 
1 1 1 1 1 1 1 1 1 1 1 1 1 1 1 1 1 1 1 1 1 1 1 1 1 1 1 1 1 1 1 1 1 1 1 1 1 1 1 1 1 1 1 1 
32 30
7 12 1
1 1 1 1 1 1 1 1 1 1 1 1 1 1 1 1 1 1 1 1 1 1 1 1 1 1 1 1 1 1 
1 1 0 1 0 1 1 0 1 0 1 1 0 1 0 0 0 0 1 0 1 1 0 1 1 0 0 0 1 1 
1 1 1 0 1 0 1 0 1 1 0 1 1 0 0 0 1 1 0 0 0 1 0 1 1 1 0 0 0 1 
1 1 1 0 0 1 1 0 0 0 1 0 1 0 1 0 1 1 1 0 1 1 0 1 0 1 1 1 0 1 
1 0 0 0 0 0 0 1 1 0 0 1 1 0 0 0 0 1 0 0 1 1 0 1 0 0 0 0 1 1 
1 1 1 1 1 0 1 1 0 0 0 1 0 1 0 0 0 1 0 0 1 1 1 0 0 0 0 0 1 1 
1 1 1 0 1 1 1 0 0 0 0 0 0 0 0 1 1 0 0 0 0 0 0 1 0 1 0 1 1 1 
1 0 0 1 1 1 1 0 0 0 1 1 0 0 0 1 1 0 1 1 0 1 0 0 0 0 0 0 0 1 
1 0 1 1 0 0 1 1 1 1 0 0 0 1 1 1 1 1 1 0 1 0 0 0 1 1 1 1 0 1 
1 1 0 0 1 0 0 1 1 0 0 0 0 0 1 1 0 1 0 0 0 0 0 1 1 1 0 1 0 1 
1 1 0 0 1 1 1 0 1 1 1 1 0 0 0 0 0 1 1 1 0 0 1 0 1 1 0 0 1 1 
1 1 1 1 0 0 0 1 1 1 1 1 1 1 1 1 0 1 0 1 1 1 1 1 0 1 0 0 1 1 
1 1 0 0 0 1 1 1 1 1 1 0 0 0 1 1 0 1 1 1 1 0 1 1 1 1 0 1 1 1 
1 1 1 1 1 1 1 0 1 0 0 0 1 1 1 0 1 0 1 0 0 1 1 1 1 0 1 1 1 1 
1 1 0 0 1 1 1 1 1 0 0 1 0 0 0 0 0 0 0 1 1 0 0 1 1 1 0 1 0 1 
1 0 0 0 1 1 1 1 1 1 0 0 1 0 1 0 0 0 1 0 0 0 0 0 1 1 0 1 1 1 
1 1 0 0 0 1 1 0 1 0 0 0 1 1 0 1 0 0 1 0 0 1 1 0 0 1 0 1 1 1 
1 0 0 1 1 1 0 1 1 0 0 0 1 0 1 1 0 0 0 0 0 0 1 1 0 1 0 1 1 1 
1 1 1 0 0 1 1 0 1 1 1 0 1 1 1 0 0 0 0 1 0 1 0 0 1 0 1 0 0 1 
1 0 0 1 1 0 0 0 1 1 1 1 0 1 0 0 0 0 0 1 1 0 1 1 1 0 1 0 1 1 
1 1 1 1 0 0 1 1 0 1 0 1 1 1 0 0 0 1 0 0 0 1 1 0 1 1 1 0 0 1 
1 1 1 1 1 1 1 1 1 1 1 1 1 1 1 0 1 0 1 1 0 1 1 1 0 0 1 1 0 1 
1 0 0 1 1 0 0 1 1 0 1 0 0 1 0 0 0 0 0 1 1 1 0 0 1 1 0 1 1 1 
1 1 0 0 0 1 1 0 0 0 0 1 0 1 1 1 1 1 1 0 1 0 1 1 1 0 0 0 0 1 
1 0 0 0 1 0 0 1 1 0 0 0 1 1 0 1 1 1 0 0 0 0 1 1 0 1 0 0 0 1 
1 1 1 1 1 1 0 0 0 0 1 1 1 1 0 1 1 0 1 0 0 0 1 0 0 0 0 0 1 1 
1 0 0 1 0 0 1 0 0 1 0 0 1 0 1 1 1 1 0 1 0 1 1 1 1 1 0 0 1 1 
1 1 1 0 1 1 1 1 0 0 1 0 1 0 0 0 0 0 1 0 0 1 1 0 1 0 0 1 1 1 
1 0 0 0 0 0 0 0 0 1 0 1 1 0 1 1 1 1 1 1 1 0 1 0 1 1 0 1 0 1 
1 1 1 1 0 1 0 1 0 0 1 1 0 0 1 1 1 1 0 0 0 0 1 1 0 0 0 1 0 1 
1 0 0 0 1 0 0 1 1 1 1 0 0 1 0 1 0 1 0 1 0 0 0 1 1 1 1 0 1 1 
1 1 1 1 1 1 1 1 1 1 1 1 1 1 1 1 1 1 1 1 1 1 1 1 1 1 1 1 1 1 
21 4
19 2 2
1 1 1 1 
1 0 0 1 
1 1 1 1 
1 1 0 1 
1 0 1 1 
1 1 1 1 
1 1 1 1 
1 0 1 1 
1 0 1 1 
1 1 0 1 
1 1 1 1 
1 1 0 1 
1 1 0 1 
1 0 0 1 
1 1 0 1 
1 1 0 1 
1 0 0 1 
1 1 1 1 
1 0 0 1 
1 0 0 1 
1 1 1 1 
34 36
5 7 2
1 1 1 1 1 1 1 1 1 1 1 1 1 1 1 1 1 1 1 1 1 1 1 1 1 1 1 1 1 1 1 1 1 1 1 1 
1 1 0 1 0 1 0 1 0 1 0 1 1 0 0 1 0 0 0 1 0 0 0 1 0 1 1 1 0 1 0 1 0 0 1 1 
1 0 1 1 0 0 1 1 0 0 0 1 1 1 0 0 1 0 1 0 1 1 0 0 1 0 0 0 0 0 0 0 0 1 1 1 
1 0 0 0 0 0 0 1 1 1 1 1 0 0 0 0 1 1 1 1 1 1 1 0 1 0 1 0 1 0 1 1 1 0 0 1 
1 1 1 1 1 0 0 0 1 1 1 0 1 0 1 1 0 1 0 0 0 1 0 0 0 0 0 0 0 0 1 1 1 1 1 1 
1 1 0 1 1 0 1 1 0 1 0 1 1 0 1 0 1 1 0 0 0 1 0 0 1 1 1 1 0 1 1 1 1 0 1 1 
1 1 0 0 1 0 1 1 1 0 0 1 0 0 0 1 0 1 0 1 0 0 1 1 1 0 0 0 0 0 0 1 0 1 1 1 
1 1 1 1 0 0 0 0 1 0 1 1 0 0 0 0 1 0 1 1 0 0 0 1 0 1 0 0 0 1 0 1 1 1 1 1 
1 1 0 1 1 0 1 1 1 1 1 1 0 1 1 0 1 0 0 0 0 1 0 1 1 1 1 0 1 0 1 0 1 1 0 1 
1 1 1 0 0 0 0 0 1 0 0 0 0 0 0 0 1 1 1 1 1 0 0 0 0 1 1 0 1 1 0 1 1 0 0 1 
1 0 0 1 1 1 0 1 1 0 1 1 1 0 0 1 1 1 0 1 0 1 0 0 1 0 0 0 0 0 1 1 1 0 0 1 
1 0 1 1 1 1 0 1 1 0 1 1 0 0 0 1 0 0 1 1 1 0 1 1 1 0 1 0 1 0 0 0 0 1 0 1 
1 0 1 0 1 0 1 0 1 0 0 0 1 0 0 1 0 0 0 0 0 0 0 0 1 1 1 1 1 0 1 1 0 1 1 1 
1 1 0 1 0 0 1 1 1 1 1 0 1 1 0 0 0 1 1 1 0 0 1 1 1 1 1 0 1 1 0 0 0 0 1 1 
1 0 1 0 0 0 1 0 0 1 0 0 1 0 1 0 0 0 1 1 1 0 1 0 0 0 0 0 0 0 0 1 0 0 0 1 
1 0 1 1 1 0 1 1 1 0 1 1 0 0 1 1 1 1 1 0 1 1 0 0 1 0 1 0 1 1 1 1 1 0 0 1 
1 0 0 1 0 1 1 1 0 0 1 0 1 1 0 0 0 1 1 0 0 0 0 0 1 0 0 0 0 0 0 0 0 0 0 1 
1 0 0 0 1 1 1 0 1 0 0 0 1 1 1 0 1 0 1 0 1 0 1 0 0 0 0 1 1 0 1 0 0 0 1 1 
1 1 1 0 1 0 0 0 0 0 0 0 0 0 1 0 0 0 0 0 0 0 0 0 0 1 0 1 1 1 0 0 0 1 0 1 
1 0 1 0 1 1 1 0 0 0 0 0 1 1 0 0 0 1 1 1 0 1 0 1 0 1 1 1 0 0 1 0 0 1 1 1 
1 0 1 1 1 1 0 0 0 0 0 0 1 0 0 1 1 1 1 1 1 0 1 1 1 0 0 0 1 0 0 1 0 0 1 1 
1 1 0 1 1 1 0 0 0 0 0 0 0 0 1 0 0 0 1 0 0 0 1 0 0 1 1 1 0 1 0 1 1 0 1 1 
1 1 1 1 0 0 0 0 1 0 1 0 0 0 0 1 1 0 0 1 0 0 1 1 0 1 1 0 0 0 0 0 0 1 0 1 
1 1 0 1 0 0 1 0 1 0 0 1 0 0 1 0 1 0 1 1 1 1 0 0 0 0 0 1 1 0 0 0 1 0 1 1 
1 1 0 1 0 1 0 1 0 1 0 1 1 1 0 0 0 1 0 1 1 0 0 1 0 0 0 1 1 1 0 0 0 1 1 1 
1 1 0 1 0 1 1 0 1 1 0 0 1 1 0 0 1 1 1 0 1 0 1 0 1 1 1 1 0 0 0 1 0 0 0 1 
1 0 0 0 1 1 1 0 1 1 1 1 0 1 0 1 1 0 1 1 0 0 1 0 1 1 1 1 1 1 1 1 0 0 1 1 
1 1 1 1 1 1 1 1 1 0 0 0 0 1 1 0 1 1 1 0 0 0 0 1 1 0 1 0 1 0 1 0 0 0 1 1 
1 1 1 1 0 1 0 0 1 0 0 0 1 1 0 0 1 1 1 1 1 0 0 0 1 0 0 0 0 1 0 1 1 1 0 1 
1 0 0 1 1 0 1 0 1 1 1 0 1 1 0 1 1 1 1 0 1 0 1 0 1 1 0 1 1 1 0 1 0 1 0 1 
1 1 0 1 1 1 1 0 1 1 0 0 1 0 0 0 0 1 0 1 0 0 1 0 0 1 0 1 0 1 1 1 1 1 0 1 
1 1 0 0 0 0 0 0 0 0 1 1 0 0 0 0 0 1 0 1 1 1 1 1 0 0 1 1 0 1 0 0 1 1 0 1 
1 1 1 1 1 1 1 0 0 0 0 1 1 0 1 1 1 0 0 0 1 1 0 0 0 1 1 1 1 1 0 1 1 0 1 1 
1 1 1 1 1 1 1 1 1 1 1 1 1 1 1 1 1 1 1 1 1 1 1 1 1 1 1 1 1 1 1 1 1 1 1 1 
